a = -2^3+9
b = 2/3*3
c = 3*2/3
d = 3*4-5^2*2-3
e = (2/3^2*5)*(3-4^3)^2
f = 3*(3*4-2*5^2-3)